//3110377595start
// Autumn Wind
dimwishlist:item=3110377595&perks=4090651448,1885400500,2450788523,460017080
dimwishlist:item=3110377595&perks=839105230,1885400500,2450788523,460017080
dimwishlist:item=3110377595&perks=4090651448,1561002382,2450788523,460017080
dimwishlist:item=3110377595&perks=839105230,1561002382,2450788523,460017080
dimwishlist:item=3110377595&perks=4090651448,1968497646,2450788523,460017080
dimwishlist:item=3110377595&perks=839105230,1968497646,2450788523,460017080
dimwishlist:item=3110377595&perks=4090651448,1885400500,2846385770,460017080
dimwishlist:item=3110377595&perks=839105230,1885400500,2846385770,460017080
dimwishlist:item=3110377595&perks=4090651448,1561002382,2846385770,460017080
dimwishlist:item=3110377595&perks=839105230,1561002382,2846385770,460017080
dimwishlist:item=3110377595&perks=4090651448,1968497646,2846385770,460017080
dimwishlist:item=3110377595&perks=839105230,1968497646,2846385770,460017080
//3110377595end

//392008588start
// Perpetualis
dimwishlist:item=392008588&perks=839105230,1087426260,1866048759,3523296417
dimwishlist:item=392008588&perks=839105230,1087426260,1866048759,2416023159
dimwishlist:item=392008588&perks=839105230,1087426260,1866048759,3523296417
//392008588end

//1019000888start
// Perses-D
dimwishlist:item=1019000888&perks=1840239774,3177308360,247725512,3038247973
dimwishlist:item=1019000888&perks=1467527085,3177308360,247725512,3038247973
dimwishlist:item=1019000888&perks=4090651448,3177308360,247725512,3038247973
//1019000888end

//2034215657start
// Round Robin
dimwishlist:item=2034215657&perks=1467527085,1968497646,3755250867,3511092054
dimwishlist:item=2034215657&perks=1467527085,1561002382,3755250867,3511092054
dimwishlist:item=2034215657&perks=1467527085,1968497646,848860060,3511092054
dimwishlist:item=2034215657&perks=1467527085,1561002382,848860060,3511092054
dimwishlist:item=2034215657&perks=1467527085,1968497646,4245865861,3511092054
dimwishlist:item=2034215657&perks=1467527085,1561002382,4245865861,3511092054
dimwishlist:item=2034215657&perks=1467527085,1968497646,2272927194,3511092054
dimwishlist:item=2034215657&perks=1467527085,1561002382,2272927194,3511092054
dimwishlist:item=2034215657&perks=1467527085,1968497646,3619207468,3511092054
dimwishlist:item=2034215657&perks=1467527085,1561002382,3619207468,3511092054
dimwishlist:item=2034215657&perks=1467527085,1968497646,3755250867,831391274
dimwishlist:item=2034215657&perks=1467527085,1561002382,3755250867,831391274
dimwishlist:item=2034215657&perks=1467527085,1968497646,848860060,831391274
dimwishlist:item=2034215657&perks=1467527085,1561002382,848860060,831391274
dimwishlist:item=2034215657&perks=1467527085,1968497646,4245865861,831391274
dimwishlist:item=2034215657&perks=1467527085,1561002382,4245865861,831391274
dimwishlist:item=2034215657&perks=1467527085,1968497646,2272927194,831391274
dimwishlist:item=2034215657&perks=1467527085,1561002382,2272927194,831391274
dimwishlist:item=2034215657&perks=1467527085,1968497646,3619207468,831391274
dimwishlist:item=2034215657&perks=1467527085,1561002382,3619207468,831391274
dimwishlist:item=2034215657&perks=1467527085,1968497646,3755250867,2748801589
dimwishlist:item=2034215657&perks=1467527085,1561002382,3755250867,2748801589
dimwishlist:item=2034215657&perks=1467527085,1968497646,848860060,2748801589
dimwishlist:item=2034215657&perks=1467527085,1561002382,848860060,2748801589
dimwishlist:item=2034215657&perks=1467527085,1968497646,4245865861,2748801589
dimwishlist:item=2034215657&perks=1467527085,1561002382,4245865861,2748801589
dimwishlist:item=2034215657&perks=1467527085,1968497646,2272927194,2748801589
dimwishlist:item=2034215657&perks=1467527085,1561002382,2272927194,2748801589
dimwishlist:item=2034215657&perks=1467527085,1968497646,3619207468,2748801589
dimwishlist:item=2034215657&perks=1467527085,1561002382,3619207468,2748801589
dimwishlist:item=2034215657&perks=1467527085,1968497646,3755250867,4290541820
dimwishlist:item=2034215657&perks=1467527085,1561002382,3755250867,4290541820
dimwishlist:item=2034215657&perks=1467527085,1968497646,848860060,4290541820
dimwishlist:item=2034215657&perks=1467527085,1561002382,848860060,4290541820
dimwishlist:item=2034215657&perks=1467527085,1968497646,4245865861,4290541820
dimwishlist:item=2034215657&perks=1467527085,1561002382,4245865861,4290541820
dimwishlist:item=2034215657&perks=1467527085,1968497646,2272927194,4290541820
dimwishlist:item=2034215657&perks=1467527085,1561002382,2272927194,4290541820
dimwishlist:item=2034215657&perks=1467527085,1968497646,3619207468,4290541820
dimwishlist:item=2034215657&perks=1467527085,1561002382,3619207468,4290541820
dimwishlist:item=2034215657&perks=1467527085,1968497646,3755250867,536173722
dimwishlist:item=2034215657&perks=1467527085,1561002382,3755250867,536173722
dimwishlist:item=2034215657&perks=1467527085,1968497646,848860060,536173722
dimwishlist:item=2034215657&perks=1467527085,1561002382,848860060,536173722
dimwishlist:item=2034215657&perks=1467527085,1968497646,4245865861,536173722
dimwishlist:item=2034215657&perks=1467527085,1561002382,4245865861,536173722
dimwishlist:item=2034215657&perks=1467527085,1968497646,2272927194,536173722
dimwishlist:item=2034215657&perks=1467527085,1561002382,2272927194,536173722
dimwishlist:item=2034215657&perks=1467527085,1968497646,3619207468,536173722
dimwishlist:item=2034215657&perks=1467527085,1561002382,3619207468,536173722
dimwishlist:item=2034215657&perks=1467527085,1968497646,3755250867,711234314
dimwishlist:item=2034215657&perks=1467527085,1561002382,3755250867,711234314
dimwishlist:item=2034215657&perks=1467527085,1968497646,848860060,711234314
dimwishlist:item=2034215657&perks=1467527085,1561002382,848860060,711234314
dimwishlist:item=2034215657&perks=1467527085,1968497646,4245865861,711234314
dimwishlist:item=2034215657&perks=1467527085,1561002382,4245865861,711234314
dimwishlist:item=2034215657&perks=1467527085,1968497646,2272927194,711234314
dimwishlist:item=2034215657&perks=1467527085,1561002382,2272927194,711234314
dimwishlist:item=2034215657&perks=1467527085,1968497646,3619207468,711234314
dimwishlist:item=2034215657&perks=1467527085,1561002382,3619207468,711234314
dimwishlist:item=2034215657&perks=1467527085,1968497646,3755250867,1015611457
dimwishlist:item=2034215657&perks=1467527085,1561002382,3755250867,1015611457
dimwishlist:item=2034215657&perks=1467527085,1968497646,848860060,1015611457
dimwishlist:item=2034215657&perks=1467527085,1561002382,848860060,1015611457
dimwishlist:item=2034215657&perks=1467527085,1968497646,4245865861,1015611457
dimwishlist:item=2034215657&perks=1467527085,1561002382,4245865861,1015611457
dimwishlist:item=2034215657&perks=1467527085,1968497646,2272927194,1015611457
dimwishlist:item=2034215657&perks=1467527085,1561002382,2272927194,1015611457
dimwishlist:item=2034215657&perks=1467527085,1968497646,3619207468,1015611457
dimwishlist:item=2034215657&perks=1467527085,1561002382,3619207468,1015611457
dimwishlist:item=2034215657&perks=1467527085,1968497646,3755250867,47981717
dimwishlist:item=2034215657&perks=1467527085,1561002382,3755250867,47981717
dimwishlist:item=2034215657&perks=1467527085,1968497646,848860060,47981717
dimwishlist:item=2034215657&perks=1467527085,1561002382,848860060,47981717
dimwishlist:item=2034215657&perks=1467527085,1968497646,4245865861,47981717
dimwishlist:item=2034215657&perks=1467527085,1561002382,4245865861,47981717
dimwishlist:item=2034215657&perks=1467527085,1968497646,2272927194,47981717
dimwishlist:item=2034215657&perks=1467527085,1561002382,2272927194,47981717
dimwishlist:item=2034215657&perks=1467527085,1968497646,3619207468,47981717
dimwishlist:item=2034215657&perks=1467527085,1561002382,3619207468,47981717
//2034215657end

